5.1426580232582921        46.176095172066383        53.823867435240871        38.022307015865188        11.913322215505488        61.977580807454764
12.814645354901220       -5.1315552799681636E+165   37.288992120964032        32.228940687002797        43.996066097185583      -0.77347622392927784
-23.246966194281569       -27.298109606714178       -46.192266255589409      -0.15826816176134861       -56.123845987044547       -1.3492528335200658
-1.6420891998603361E+165  -45.984474545586458       -30.027694487493132       -11.298440918587817       -30.890256544921662        410.24801133813457
393.56491988611850        275.32778952298270        3.4030903781596633        237.53419794473598        18.966803230043599       -4.1052229996508405E+165
104.04629170214031        67.902205621522128        34.523555613698228       -5.1426580232582921       -46.176095172066383       -53.823867435240871
-38.022307015865188       -11.913322215505488       -61.977580807454764       -12.814645354901220       5.1315552799681636E+165  -37.288992120964032
-32.228940687002797       -43.996066097185583        1.7149259162714543        38.105618959677841        44.210493283095936        49.176189767215156
1.6131505818499035        40.596661925021479       -1.8236416398035846        1.6420891998603361E+165   9.7524467126842822        6.4872445478855560
-3.7674470427610309        71.434958426050713       -306.97289958382135       -271.11915123235946       -136.36752521462552        68.912647944747405
-112.31803006225955        40.805674542466150       4.1052229996508405E+165  -31.582236036335956       -20.821305742306972        3.1411642896738909
